64449 371 597.197 284.083
157 138 534 431
102 137 489.37 331.776
182 114 517.571 236.39
392 308 566.784 243.648
142 207 443 396
377 286 566.4 244.8
254 167 644 238
127 150 414 211.2
132 134 414 211
103 134 487.296 331.776
151 133 325 320
168 132 660 383
398 287 573.12 241.92
221 344 574.387 244.685
668 178 617.76 221.76
114 151 460.8 371.52
94 152 345 222
404 288 414 211
114 198 489.37 331.776
229 158 409 276
254 115 668 392
185 125 476.4 373.2
183 126 525.312 181.44
297 304 609 421
403 312 518.4 217.728
368 260 221.875 323.482
130 121 668 392
121 119 592 385
151 144 450.72 223.2
566 118 345 222
431 225 592 385
616 346 644 238
178 117 495.6 366
485 426 645 391
140 247 664 420
259 115 611 420
339 318 460.8 371.52
607 422 331.776 313.114
407 287 390.24 169.92
126 153 666 258
190 114 578.88 388.8
257 113 526 180
115 147 668 392
148 147 682 258
420 319 456.192 222.912
148 141 457 364
299 298 221.875 323.482
210 98 514 414
408 384 221.875 323.482
125 165 505 213
344 249 566.784 243.648
334 320 534 431
410 380 645 421
618 242 363 427
217 102 609 421
487 417 511.2 217.2
553 115 641 402
370 287 597.197 284.083
224 341 574.387 244.685
183 204 660 383
181 201 456.48 224.64
83 184 409 276
483 304 566.784 243.648
394 252 409 276
161 163 464.486 346.291
144 162 515.52 216
387 297 525.312 181.44
316 320 504 224
264 131 443 396
279 307 442.8 392.4
310 111 639.6 240
567 414 143 431
147 118 613 421
143 160 421 370
302 295 616.8 217.2
146 167 414 211.2
129.6 114 574.387 244.685
190.8 114 642.24 237.6
259.2 114 526.8 180
474 327.6 514 414
129.6 130.8 660 383
494.4 195.6 519.561 235.893
254.4 166.8 592.8 385.2
129.6 120 619.2 222
344.4 247.2 518.4 217.728
148.8 147.6 682 258
140.4 247.2 378 372
121.2 118.8 525.312 181.44
566.4 117.6 331.776 313.114
310.8 262.8 644 238
410.4 380.4 642.24 237.6
127.2 151.2 462 372
364.8 256.8 409.2 276
330 322.8 570 246
333.6 320.4 444 399
398.4 286.8 464.4 346.8
156 139.2 645 391
350.4 256.8 566.4 244.8
368.4 259.2 642.24 237.6
553.2 115.2 644.4 391.2
151.2 144 526 180
478.8 366 442.8 392.4
615.6 346.8 568.512 229.824
132 134.4 414 211
181.2 126 504.576 214.272
115.2 146.4 414 211.2
435.6 337.2 664 382
369.6 286.8 568.167 228.096
147.6 140.4 325 320
620.4 240 443 396
144 207.6 464.486 346.291
296.4 304.8 643.2 237.6
339.6 318 445.2 396
408 384 574.387 244.685
340.8 240 566.4 244.8
164.4 150 666 394
553.2 135.6 514 414
349.2 259.2 643.2 237.6
392.4 308.4 566.784 243.648
344.4 249.6 566.784 243.648
138 349.2 592 385
420 319.2 464.486 346.291
144 162 492 213
316.8 320.4 644 238
294 286.8 643.2 237.6
618 242.4 570 246
142.8 313.2 592 385
301.2 295.2 642.24 237.6
129.6 131.04 390.24 169.92
181.44 125.28 504.576 214.272
162.72 131.04 654 263
126.72 152.64 414 211.2
342.72 177.12 519.561 235.893
472.32 328.32 514 414
139.68 247.68 592.8 385.2
315.36 175.68 664 420
344.16 247.68 566.784 243.648
329.76 322.56 511.2 217.2
295.2 303.84 574.387 244.685
129.6 120.96 574.387 244.685
151.2 144 666 394
616.32 250.56 639.6 240
338.4 318.24 445.2 396
334.08 319.68 519.561 235.893
293.76 288 592 385
365.76 254.88 409.2 276
564.48 118.08 345 222
397.44 286.56 650.4 278.4
148.32 136.8 325 320
370.08 254.88 517.571 236.39
552.96 135.36 644 238
551.52 115.2 635 235
548.64 115.2 518.4 217.728
434.88 336.96 664 382
492.48 195.84 253.44 385.92
259.2 115.2 566.4 244.8
476.64 365.76 442.8 392.4
311.04 262.08 512 420
145.44 141.12 325 320
155.52 139.68 325 320
149.76 146.88 414.72 210.24
613.44 347.04 221.875 323.482
300.96 295.2 442.8 392.4
228.96 158.4 592 385
375.84 256.32 566.784 243.648
457.92 308.16 445 396
408.96 380.16 642.24 237.6
619.2 240.48 660 383
142.56 313.92 378 372
391.68 308.16 525.312 181.44
371.52 254.016 566.784 243.648
330.048 321.408 660 383
336.96 319.68 519.561 235.893
317.952 319.68 644 238
457.92 305.856 445.2 396
295.488 302.4 450.72 397.44
293.76 286.848 443 396
314.496 176.256 639 409
343.872 176.256 566.784 243.648
319.68 177.984 445.2 396
312.768 179.712 642.24 237.6
345.6 247.104 518.4 217.728
419.904 229.824 443 396
492.48 193.536 253.44 385.92
364.954 255.053 442.8 392.4
315.187 176.256 639.6 240
317.261 180.403 566.784 243.648
371.174 252.979 566.784 243.648
364.954 311.04 516.672 216
337.997 319.334 660 383
294.451 302.746 592.8 385.2
344.218 176.256 566.784 243.648
491.443 194.918 253.44 385.92
317.261 319.334 644 238
329.702 321.408 660 383
290.304 294.451 566.784 243.648
458.266 306.893 443 396
418.867 230.17 443 396
370.76 251.32 516.672 216
370.262 259.781 518.4 217.728
364.29 250.823 409.2 276
